_viz_0 = nengo_gui.components.SpikeGrid(dft2a.g)
_viz_config[_viz_0].x = 0.8420603905632611
_viz_config[_viz_0].y = 0.33600294984975826
_viz_config[_viz_0].width = 0.10515247108307045
_viz_config[_viz_0].height = 0.11990407673860912
_viz_config[_viz_0].label_visible = True
_viz_1 = nengo_gui.components.Slider(h)
_viz_config[_viz_1].max_value = 10
_viz_config[_viz_1].min_value = -10
_viz_config[_viz_1].x = 0.14694004585337236
_viz_config[_viz_1].y = 0.8575229933700101
_viz_config[_viz_1].width = 0.052576235541535225
_viz_config[_viz_1].height = 0.11990407673860912
_viz_config[_viz_1].label_visible = True
_viz_2 = nengo_gui.components.Slider(stim3)
_viz_config[_viz_2].max_value = 100
_viz_config[_viz_2].min_value = -100
_viz_config[_viz_2].x = 0.17217663891330953
_viz_config[_viz_2].y = 0.12745753985047256
_viz_config[_viz_2].width = 0.052576235541535225
_viz_config[_viz_2].height = 0.11990407673860912
_viz_config[_viz_2].label_visible = True
_viz_3 = nengo_gui.components.Slider(stim2)
_viz_config[_viz_3].max_value = 100
_viz_config[_viz_3].min_value = -100
_viz_config[_viz_3].x = 0.17217663891330953
_viz_config[_viz_3].y = 0.40198775097569006
_viz_config[_viz_3].width = 0.052576235541535225
_viz_config[_viz_3].height = 0.11990407673860912
_viz_config[_viz_3].label_visible = True
_viz_4 = nengo_gui.components.Slider(stim1)
_viz_config[_viz_4].max_value = 100
_viz_config[_viz_4].min_value = -100
_viz_config[_viz_4].x = 0.17217663891330953
_viz_config[_viz_4].y = 0.6765179621009076
_viz_config[_viz_4].width = 0.052576235541535225
_viz_config[_viz_4].height = 0.11990407673860912
_viz_config[_viz_4].label_visible = True
_viz_net_graph = nengo_gui.components.NetGraph()
_viz_progress = nengo_gui.components.Progress()
_viz_config[_viz_progress].x = 0
_viz_config[_viz_progress].y = 0
_viz_config[_viz_progress].width = 100
_viz_config[_viz_progress].height = 100
_viz_config[_viz_progress].label_visible = True
_viz_sim_control = nengo_gui.components.SimControl()
_viz_config[_viz_sim_control].shown_time = 0.5
_viz_config[_viz_sim_control].kept_time = 4.0
_viz_config[dft2a].pos=(0.575526075997465, 0.39440256228485193)
_viz_config[dft2a].size=(0.1, 0.1)
_viz_config[dft2a].expanded=True
_viz_config[dft2a].has_layout=True
_viz_config[dft2a.du].pos=(0.3550724637681159, 0.31081081081081086)
_viz_config[dft2a.du].size=(0.05797101449275362, 0.05405405405405406)
_viz_config[dft2a.g].pos=(0.8913043478260869, 0.5)
_viz_config[dft2a.g].size=(0.07246376811594202, 0.06756756756756757)
_viz_config[dft2a.h].pos=(0.09420289855072464, 0.5)
_viz_config[dft2a.h].size=(0.05797101449275362, 0.05405405405405406)
_viz_config[dft2a.noise].pos=(0.09420289855072464, 0.12162162162162163)
_viz_config[dft2a.noise].size=(0.05797101449275362, 0.05405405405405406)
_viz_config[dft2a.s].pos=(0.09420289855072464, 0.8783783783783784)
_viz_config[dft2a.s].size=(0.05797101449275362, 0.05405405405405406)
_viz_config[dft2a.u].pos=(0.6159420289855072, 0.31081081081081086)
_viz_config[dft2a.u].size=(0.05797101449275362, 0.05405405405405406)
_viz_config[h].pos=(0.10655737704918032, 0.8411764705882353)
_viz_config[h].size=(0.06557377049180327, 0.023529411764705882)
_viz_config[model].pos=(0, 0)
_viz_config[model].size=(1.0, 1.0)
_viz_config[model].expanded=True
_viz_config[model].has_layout=True
_viz_config[stim1].pos=(0.10655737704918032, 0.6764705882352942)
_viz_config[stim1].size=(0.06557377049180327, 0.023529411764705882)
_viz_config[stim2].pos=(0.10655737704918032, 0.32352941176470584)
_viz_config[stim2].size=(0.06557377049180327, 0.023529411764705882)
_viz_config[stim3].pos=(0.10655737704918032, 0.15882352941176472)
_viz_config[stim3].size=(0.06557377049180327, 0.023529411764705882)